
caliculating p 
this is m = size(X, 1); 
m =  16
this is num_labels 
num_labels =  4
temp =

   0.800712   0.729331   0.098345   0.701179
   0.913105   0.698751   0.045114   0.845422
   0.726837   0.879872   0.066863   0.550485
   0.874355   0.863108   0.030103   0.740554
   0.572533   0.329821   0.573929   0.613264
   0.338675   0.363752   0.756678   0.404881
   0.669143   0.153296   0.672181   0.752379
   0.436080   0.173775   0.825595   0.565895
   0.370040   0.784314   0.367621   0.301636
   0.183406   0.808589   0.573029   0.156337
   0.280060   0.908127   0.276357   0.183950
   0.129480   0.919890   0.468555   0.088183
   0.901587   0.267225   0.201747   0.895995
   0.959936   0.238917   0.098672   0.952561
   0.726837   0.879872   0.066863   0.550485
   0.874355   0.863108   0.030103   0.740554

valuepocket =

   0.80071
   0.91310
   0.87987
   0.87436
   0.61326
   0.75668
   0.75238
   0.82559
   0.78431
   0.80859
   0.90813
   0.91989
   0.90159
   0.95994
   0.87987
   0.87436

p =

   1
   1
   2
   1
   4
   3
   4
   3
   2
   2
   2
   2
   1
   1
   2
   1

!! Submission failed: unexpected error: parse error near line 35 of file /Users/hiroaki/OneDrive/Lrn./machine-learning-ex3/ex3/predict.m

  syntax error

>>> a = (size(Theta2, 1), 1, 2);
                        ^

!! Please try again later.
