
name: playwright-python
channels:
  - microsoft
  - conda-forge
  - defaults
dependencies:
  - brotli-python=1.1.0=py312h53d5487_1
  - bzip2=1.0.8=hcfcfb64_5
  - ca-certificates=2023.11.17=h56e8100_0
  - certifi=2023.11.17=pyhd8ed1ab_0
  - charset-normalizer=3.3.2=pyhd8ed1ab_0
  - colorama=0.4.6=pyhd8ed1ab_0
  - exceptiongroup=1.2.0=pyhd8ed1ab_2
  - greenlet=3.0.3=py312h53d5487_0
  - idna=3.6=pyhd8ed1ab_0
  - iniconfig=2.0.0=pyhd8ed1ab_0
  - libexpat=2.5.0=h63175ca_1
  - libffi=3.4.2=h8ffe710_5
  - libsqlite=3.44.2=hcfcfb64_0
  - libzlib=1.2.13=hcfcfb64_5
  - openssl=3.2.1=hcfcfb64_0
  - packaging=23.2=pyhd8ed1ab_0
  - pip=23.3.2=pyhd8ed1ab_0
  - playwright=1.41.1=py312_0
  - pluggy=1.4.0=pyhd8ed1ab_0
  - pyee=11.0.1=pyhd8ed1ab_0
  - pysocks=1.7.1=pyh0701188_6
  - pytest=7.4.4=pyhd8ed1ab_0
  - pytest-base-url=2.0.0=pyhd8ed1ab_0
  - pytest-playwright=0.4.3=py_0
  - python=3.12.1=h2628c8c_1_cpython
  - python-slugify=8.0.2=pyhd8ed1ab_0
  - python_abi=3.12=4_cp312
  - requests=2.31.0=pyhd8ed1ab_0
  - setuptools=69.0.3=pyhd8ed1ab_0
  - text-unidecode=1.3=pyhd8ed1ab_1
  - tk=8.6.13=h5226925_1
  - tomli=2.0.1=pyhd8ed1ab_0
  - typing_extensions=4.9.0=pyha770c72_0
  - tzdata=2023d=h0c530f3_0
  - ucrt=10.0.22621.0=h57928b3_0
  - urllib3=2.2.0=pyhd8ed1ab_0
  - vc=14.3=hcf57466_18
  - vc14_runtime=14.38.33130=h82b7239_18
  - vs2015_runtime=14.38.33130=hcb4865c_18
  - wheel=0.42.0=pyhd8ed1ab_0
  - win_inet_pton=1.1.0=pyhd8ed1ab_6
  - xz=5.2.6=h8d14728_0

