
name: til_grayskull_gradio_feedstock_issue_48
channels:
  - conda-forge
  - defaults
dependencies:
  - beautifulsoup4=4.12.2=pyha770c72_0
  - brotli-python=1.1.0=py312h53d5487_1
  - bzip2=1.0.8=hcfcfb64_5
  - ca-certificates=2023.11.17=h56e8100_0
  - certifi=2023.11.17=pyhd8ed1ab_0
  - charset-normalizer=3.3.2=pyhd8ed1ab_0
  - colorama=0.4.6=pyhd8ed1ab_0
  - conda-souschef=2.2.3=pyhd8ed1ab_0
  - grayskull=2.5.3=pyhd8ed1ab_0
  - idna=3.6=pyhd8ed1ab_0
  - intel-openmp=2023.2.0=h57928b3_50497
  - libblas=3.9.0=20_win64_mkl
  - libcblas=3.9.0=20_win64_mkl
  - libexpat=2.5.0=h63175ca_1
  - libffi=3.4.2=h8ffe710_5
  - libhwloc=2.9.3=default_haede6df_1009
  - libiconv=1.17=hcfcfb64_2
  - liblapack=3.9.0=20_win64_mkl
  - libsqlite=3.44.2=hcfcfb64_0
  - libxml2=2.11.6=hc3477c8_0
  - libzlib=1.2.13=hcfcfb64_5
  - mkl=2023.2.0=h6a75c08_50497
  - numpy=1.26.3=py312h8753938_0
  - openssl=3.2.0=hcfcfb64_1
  - packaging=23.2=pyhd8ed1ab_0
  - pip=23.3.2=pyhd8ed1ab_0
  - pkginfo=1.9.6=pyhd8ed1ab_0
  - progressbar2=4.3.2=pyhd8ed1ab_0
  - pthreads-win32=2.9.1=hfa6e2cd_3
  - pysocks=1.7.1=pyh0701188_6
  - python=3.12.1=h2628c8c_1_cpython
  - python-utils=3.8.1=pyhd8ed1ab_0
  - python_abi=3.12=4_cp312
  - rapidfuzz=3.6.1=py312h53d5487_0
  - requests=2.31.0=pyhd8ed1ab_0
  - ruamel.yaml=0.18.5=py312he70551f_0
  - ruamel.yaml.clib=0.2.7=py312he70551f_2
  - ruamel.yaml.jinja2=0.2.4=py_1
  - semver=3.0.2=pyhd8ed1ab_0
  - setuptools=69.0.3=pyhd8ed1ab_0
  - soupsieve=2.5=pyhd8ed1ab_1
  - stdlib-list=0.8.0=pyhd8ed1ab_0
  - tbb=2021.11.0=h91493d7_0
  - tk=8.6.13=h5226925_1
  - tomli=2.0.1=pyhd8ed1ab_0
  - tomli-w=1.0.0=pyhd8ed1ab_0
  - typing_extensions=4.9.0=pyha770c72_0
  - tzdata=2023d=h0c530f3_0
  - ucrt=10.0.22621.0=h57928b3_0
  - urllib3=2.1.0=pyhd8ed1ab_0
  - vc=14.3=hcf57466_18
  - vc14_runtime=14.38.33130=h82b7239_18
  - vs2015_runtime=14.38.33130=hcb4865c_18
  - wheel=0.42.0=pyhd8ed1ab_0
  - win_inet_pton=1.1.0=pyhd8ed1ab_6
  - xz=5.2.6=h8d14728_0

